41037631
40773556
40739353
40522120
40236201
40162224
40127273
39631441
39586687
39366132
39211285
39198974
39117651
39005341
38979188
38908367
38890463
38875353
38598345
38335279
37399395
37155889
36001933
35134095
37621702
34380625
34083527
33836615
33723431
33508678
33468658
33137620
33069069
33006884
32844654
32820126
32707573
32511357
32510943
32302104
32253306
32243137
31676778
31596542
31580059
31419116
31332018
31319026
31181898
31068442
30846550
30433771
30408949
30373839
30323285
30282735
30160955
30060666
29967151
29888783
29735709
29730026
29712837
29625824
29609949
29528634
29509426
29376652
29360343
29345901
29186655
29087350
29077054
28976731
28857557
28809560
28724938
28604693
28602759
28593724
28416697
28413876
28371162
28292893
28158186
27762133
27798851
27720295
27731313
27704775
27663736
27662253
27595986
27418387
27413101
27213685
27184767
27162342
27145250
27115850
27035989
26976568
26759369
26759368
26745435
26727558
26434555
26270491
26117722
26038548
25945727
25919418
25909834
25831516
25775396
25700516
25699419
25692571
25605877
25556336
25494484
25238962
25213874
25063296
25056598
25044800
25041362
24867343
24846839
24591102
24574221
24573789
24506189
24443971
24443552
24418775
24358983
24353230
24277854
24254636
24136966
24127589
24107995
23941200
23924161
23924037
23818609
23795814
23794517
23776209
23746848
23664497
23662731
23621521
23554007
23541674
23441826
23440204
23379331
23330637
23294307
23210862
22988081
22951916
22927411
22921066
22907892
22891346
22798407
22689270
22644306
22642368
22491093
22359577
22345566
22191091
22107593
22096101
22041062
21954091
21945294
21936526
21913683
21890355
21868483
21866942
21841138
21823631
21796212
21768354
21690365
21681882
21678540
21576502
21547985
21513879
21439474
21426114
21416611
21384475
21381174
21280675
21237172
21184400
21179498
21138868
20836111
20823227
20696907
20688981
20571694
20534351
20422671
20307192
20194738
20179771
20147747
20133595
20085741
20025009
20010929
19995976
19965450
19856359
19855388
19852970
19805117
19772358
19731911
19715291
19702307
19689159
19672911
19669620
19643606
19555063
19447925
19427291
19400216
19398201
19378306
19347910
19265424
19246393
19246005
19234110
19193005
19164755
19116269
19108697
19104043
19004806
18845434
18816552
18788806
18685087
18624319
18579783
18576636
18454143
18329275
18309081
18069708
18067292
18000916
17990884
17965709
17951261
17893898
17886323
17855562
17685615
17685517
17685371
17628477
17622177
17617633
17566101
17560600
17460038
17420453
17360324
17348628
17322890
17237762
17185414
17176074
17089439
17088537
17072302
17061854
17001007
16934461
16926858
16819861
16785423
16689635
16684885
16679294
16618920
16594684
16554830
16548032
16537454
16492761
16474387
16462891
16412655
16402807
16342304
16323231
16317766
16260173
16248607
16141075
16076448
15892681
15840835
15724259
15713420
15677333
15664515
15600337
15599909
15584720
15571382
15549724
15548026
15522458
15521721
15501033
15380183
15378068
15229546
15212849
15210951
15208691
15187228
15138302
15113003
15012103
14990790
14871063
14726590
14725931
14719906
14700559
14698179
14688408
14679545
14652076
14640614
14627803
14595396
14514886
14507179
14505376
12967954
12954335
12920298
12911301
12902547
12856281
12850137
12837384
12824591
12794184
12785844
12779328
12627957
12580587
12552112
12537491
12526643
12522270
12518054
12515477
12502840
12465973
12465948
12465946
12458503
12441396
12431092
12423079
12404640
12386865
12325014
12244330
12210991
12203503
12193646
12177410
12167675
12160725
12154230
12152057
12148987
12144926
12120285
12039592
12015981
12011423
11983336
11904359
11904358
11886295
11880039
11880038
11866590
11866580
11853431
11809821
11774228
11741468
11734038
11722241
11720546
11716715
11606367
11564556
11553478
11535830
11535051
11534548
29712061
11495578
11472182
11457196
11381109
11326065
11313494
11273699
11224539
11172053
11070096
11030644
11028017
11016956
11014197
10908353
10856217
10792044
10767039
10741968
10700146
10651626
10611676
10600377
10498192
10428389
10406634
10375538
29711189
10318890
10220373
10220370
10097095
10097089
9927664
9888826
9843932
9772166
9770661
9724736
29711048
9677190
9636134
9501184
9506942
9497288
9457047
9451442
9360999
9331409
9305839
9298950
9294168
9265632
9180069
9159478
9006925
9012810
9382926
9000011
8757130
8643580
8610143
8639375
8599084
8908300
8524873
8749371
7569920
7604031
17834993
17814791
7718743
7663123
7788304
7918421
8009223
8016084
8171021
8159678
8218291
8234268
8103944
7689747
10049109
8094556
8430333
1615324
1608948
1566082
1553546
1911763
1716784
1678534
2024118
1959454
1959447
1959444
1898778
1784180
1762563
2124705
2389144
2308838
2188666
2602139
2605184
2683258
2672338
2649980
2922053
2917969
2467291
2601630
3194752
2833815
3685986
3454301
3787262
3907703
6101078
6417654